<resources>
  <timeline path="SceneBundle/McScene1">
    <resources>SceneBundle/blue_circle</resources>
    <instances>0,|0,</instances>
    <frames>
      <f>0,335.95,192,0,1,1,1,1,1,1,0,0,0,0|1,450.9,192,0,1,1,1,1,1,1,0,0,0,0</f>
      <f>0,,,,.925,.925|1,,,,1.075,1.075</f>
      <f>0,,,,.85001,.85001|1,,,,1.15,1.15</f>
      <f>0,,,,.77499,.77499|1,,,,1.225,1.225</f>
      <f>0,,,,.7,.7|1,,,,1.3,1.3</f>
      <f>0,,191.95,,.77499,.77499|1,,191.95,,1.225,1.225</f>
      <f>0,,192,,.85001,.85001|1,,192,,1.15,1.15</f>
      <f>0,,191.95,,.925,.925|1,,191.95,,1.075,1.075</f>
      <f>0,,192,,1,1|1,,192,,1,1</f>
      <f>0,,,,1.075,1.075|1,,,,.925,.925</f>
      <f>0,,,,1.15,1.15|1,,,,.85001,.85001</f>
      <f>0,,,,1.225,1.225|1,,,,.77499,.77499</f>
      <f>0,,,,1.3,1.3|1,,,,.7,.7</f>
      <f>0,335.9,191.95,,1.225,1.225|1,,191.95,,.77499,.77499</f>
      <f>0,335.95,192,,1.15,1.15|1,,192,,.85001,.85001</f>
      <f>0,335.9,191.95,,1.075,1.075|1,,191.95,,.925,.925</f>
      <f>0,335.95,192,,1,1|1,,192,,1,1</f>
    </frames>
  </timeline>
</resources>